{
	 "rootnode": {
		 "name": "RootNode"
		,"transformation": [
			 1
			,0
			,0
			,0
			,0
			,1
			,0
			,0
			,0
			,0
			,1
			,0
			,0
			,0
			,0
			,1
		]
		,"children": [
			{
				 "name": "cat5newrig_$AssimpFbxNull$"
				,"transformation": [
					 1
					,0
					,0
					,0
					,0
					,-1.62921e-007
					,1
					,0
					,0
					,-1
					,-1.62921e-007
					,0
					,0
					,0
					,0
					,1
				]
				,"children": [
					{
						 "name": "hips"
						,"transformation": [
							 -0.0457818
							,-0.02302
							,0.998686
							,-1.70083e-007
							,0.334356
							,-0.942425
							,-0.00639559
							,5.37947
							,0.941334
							,0.333624
							,0.0508428
							,51.273
							,0
							,0
							,0
							,1
						]
						,"children": [
							{
								 "name": "spine"
								,"transformation": [
									 0.749884
									,-0.66157
									,-7.99043e-008
									,13.5708
									,0.66157
									,0.749884
									,9.05709e-008
									,-1.45379e-006
									,0
									,-1.2078e-007
									,1
									,-4.32134e-007
									,0
									,0
									,0
									,1
								]
								,"children": [
									{
										 "name": "chest"
										,"transformation": [
											 0.926484
											,0.375685
											,0.0221042
											,21.6597
											,-0.376334
											,0.92485
											,0.0549995
											,-2.12342e-006
											,0.000219393
											,-0.0592747
											,0.998242
											,-1.49012e-007
											,0
											,0
											,0
											,1
										]
										,"children": [
											{
												 "name": "neck"
												,"transformation": [
													 0.997527
													,-0.068514
													,0.0156493
													,31.8962
													,0.0697997
													,0.939909
													,-0.334214
													,0.139887
													,0.00818943
													,0.334479
													,0.942367
													,-4.91738e-007
													,0
													,0
													,0
													,1
												]
												,"children": [
													{
														 "name": "head"
														,"transformation": [
															 0.99567
															,-0.0929556
															,-2.14157e-008
															,10.3071
															,0.0929556
															,0.99567
															,2.29388e-007
															,-1.19209e-007
															,0
															,-2.30386e-007
															,1
															,-5.96046e-008
															,0
															,0
															,0
															,1
														]
														,"children": [
															{
																 "name": "b_Jaw"
																,"transformation": [
																	 -0.136769
																	,-0.990603
																	,1.90641e-006
																	,4.4599
																	,0.990603
																	,-0.136769
																	,2.86722e-007
																	,7.52078
																	,-2.32885e-008
																	,1.92771e-006
																	,1
																	,-2.38419e-007
																	,0
																	,0
																	,0
																	,1
																]
															}
															,{
																 "name": "b_Eye.L"
																,"transformation": [
																	 0.0311536
																	,0.999515
																	,3.89225e-007
																	,13.3752
																	,0.999515
																	,-0.0311536
																	,-1.21317e-008
																	,9.39979
																	,0
																	,3.89414e-007
																	,-1
																	,6.0973
																	,0
																	,0
																	,0
																	,1
																]
															}
															,{
																 "name": "b_Eye.R"
																,"transformation": [
																	 0.0311536
																	,0.999515
																	,-3.89225e-007
																	,13.3752
																	,0.999515
																	,-0.0311536
																	,1.21317e-008
																	,9.39979
																	,0
																	,-3.89414e-007
																	,-1
																	,-6.0973
																	,0
																	,0
																	,0
																	,1
																]
															}
														]
													}
												]
											}
											,{
												 "name": "shoulder.L"
												,"transformation": [
													 0.0792364
													,0.993928
													,-0.0763515
													,26.4795
													,0.157544
													,0.063144
													,0.985491
													,3.2241
													,0.984328
													,-0.0901155
													,-0.151584
													,2.91755
													,0
													,0
													,0
													,1
												]
												,"children": [
													{
														 "name": "upper_arm.L"
														,"transformation": [
															 0.255076
															,0.378419
															,-0.889795
															,9.54962
															,-0.851912
															,-0.347331
															,-0.39193
															,-0.11157
															,-0.457368
															,0.857998
															,0.233784
															,-0.414209
															,0
															,0
															,0
															,1
														]
														,"children": [
															{
																 "name": "forearm.L"
																,"transformation": [
																	 -0.618906
																	,-0.783166
																	,-0.060043
																	,23.1839
																	,0.779148
																	,-0.602458
																	,-0.173123
																	,-2.86102e-006
																	,0.0994106
																	,-0.153929
																	,0.983068
																	,-6.38515e-006
																	,0
																	,0
																	,0
																	,1
																]
																,"children": [
																	{
																		 "name": "hand.L"
																		,"transformation": [
																			 -0.160893
																			,-0.872739
																			,-0.460912
																			,23.1526
																			,-0.947283
																			,0.267648
																			,-0.17612
																			,-5.48363e-006
																			,0.277069
																			,0.408277
																			,-0.869795
																			,-9.53674e-007
																			,0
																			,0
																			,0
																			,1
																		]
																	}
																]
															}
														]
													}
												]
											}
											,{
												 "name": "shoulder.R"
												,"transformation": [
													 -0.286562
													,0.955341
													,0.0721436
													,26.4795
													,-0.374304
													,-0.042322
													,-0.92634
													,3.2241
													,-0.881918
													,-0.292458
													,0.369716
													,-2.91755
													,0
													,0
													,0
													,1
												]
												,"children": [
													{
														 "name": "upper_arm.R"
														,"transformation": [
															 0.696669
															,-0.282543
															,0.659411
															,9.54964
															,-0.691892
															,-0.507524
															,0.513522
															,-0.111602
															,0.189575
															,-0.813996
															,-0.549065
															,0.41421
															,0
															,0
															,0
															,1
														]
														,"children": [
															{
																 "name": "forearm.R"
																,"transformation": [
																	 -0.025163
																	,-0.996758
																	,0.0764188
																	,23.1839
																	,0.991644
																	,-0.0152127
																	,0.128101
																	,6.67572e-006
																	,-0.126523
																	,0.0790036
																	,0.988812
																	,4.52995e-006
																	,0
																	,0
																	,0
																	,1
																]
																,"children": [
																	{
																		 "name": "hand.R"
																		,"transformation": [
																			 0.833699
																			,0.150701
																			,-0.531258
																			,23.1526
																			,0.372144
																			,0.557447
																			,0.742134
																			,-2.38419e-007
																			,0.407988
																			,-0.81642
																			,0.40866
																			,2.02656e-006
																			,0
																			,0
																			,0
																			,1
																		]
																	}
																]
															}
														]
													}
												]
											}
										]
									}
								]
							}
							,{
								 "name": "thigh.L"
								,"transformation": [
									 -0.975813
									,-0.120858
									,0.182173
									,-0.258641
									,0.0286166
									,-0.896846
									,-0.441589
									,1.49323
									,0.21673
									,-0.425735
									,0.878528
									,8.99757
									,0
									,0
									,0
									,1
								]
								,"children": [
									{
										 "name": "shin.L"
										,"transformation": [
											 0.784766
											,-0.619746
											,-0.0070702
											,25.4944
											,0.619725
											,0.784832
											,-0.000142057
											,0
											,0.00563663
											,-0.00427034
											,0.999975
											,-9.53674e-007
											,0
											,0
											,0
											,1
										]
										,"children": [
											{
												 "name": "foot.L"
												,"transformation": [
													 -0.156025
													,0.984841
													,0.0757743
													,24.7595
													,-0.987751
													,-0.155788
													,-0.00906739
													,-1.57952e-006
													,0.00287477
													,-0.0762606
													,0.997083
													,1.57952e-006
													,0
													,0
													,0
													,1
												]
												,"children": [
													{
														 "name": "toe.L"
														,"transformation": [
															 0.998162
															,-0.0606015
															,-1.26776e-007
															,14.2592
															,-0.0605959
															,-0.998071
															,-0.0134918
															,0
															,0.000817498
															,0.0134671
															,-0.999909
															,-8.8184e-007
															,0
															,0
															,0
															,1
														]
													}
												]
											}
										]
									}
								]
							}
							,{
								 "name": "thigh.R"
								,"transformation": [
									 -0.95218
									,-0.115785
									,-0.282755
									,-0.258642
									,-0.128443
									,-0.688008
									,0.714254
									,1.49323
									,-0.277234
									,0.716425
									,0.640227
									,-8.99757
									,0
									,0
									,0
									,1
								]
								,"children": [
									{
										 "name": "shin.R"
										,"transformation": [
											 0.702729
											,-0.711422
											,0.00707037
											,25.4944
											,0.711435
											,0.702752
											,0.000142196
											,-7.7486e-007
											,-0.00506984
											,0.00493021
											,0.999975
											,-1.63913e-007
											,0
											,0
											,0
											,1
										]
										,"children": [
											{
												 "name": "foot.R"
												,"transformation": [
													 -0.411196
													,0.911391
													,-0.016825
													,24.7595
													,-0.910989
													,-0.411519
													,-0.0274432
													,0
													,-0.0319354
													,0.00404286
													,0.999482
													,-1.09989e-006
													,0
													,0
													,0
													,1
												]
												,"children": [
													{
														 "name": "toe.R"
														,"transformation": [
															 0.998162
															,-0.0605965
															,2.59199e-007
															,14.2604
															,-0.060591
															,-0.998072
															,0.0134918
															,-7.45058e-008
															,-0.000817299
															,-0.0134671
															,-0.999909
															,-1.19288e-006
															,0
															,0
															,0
															,1
														]
													}
												]
											}
										]
									}
								]
							}
							,{
								 "name": "tail.001"
								,"transformation": [
									 0.331721
									,0.939166
									,-0.089038
									,12.2978
									,-0.937844
									,0.338511
									,0.076545
									,-11.3855
									,0.102029
									,0.0581122
									,0.993083
									,3.48687e-006
									,0
									,0
									,0
									,1
								]
								,"children": [
									{
										 "name": "tail.002"
										,"transformation": [
											 0.922069
											,-0.381146
											,-0.0671992
											,8.7264
											,0.376374
											,0.923527
											,-0.0737593
											,9.65502e-006
											,0.0901734
											,0.0427191
											,0.995009
											,1.78814e-007
											,0
											,0
											,0
											,1
										]
										,"children": [
											{
												 "name": "tail.003"
												,"transformation": [
													 0.680099
													,-0.732486
													,0.0304787
													,16.9493
													,0.731461
													,0.675178
													,-0.095389
													,-2.36742e-006
													,0.0492926
													,0.0871679
													,0.994973
													,-7.15256e-007
													,0
													,0
													,0
													,1
												]
												,"children": [
													{
														 "name": "tail.004"
														,"transformation": [
															 0.886176
															,-0.462951
															,-0.0191626
															,26.0784
															,0.460459
															,0.884509
															,-0.0749733
															,-5.39422e-006
															,0.0516585
															,0.057616
															,0.997001
															,9.53674e-007
															,0
															,0
															,0
															,1
														]
														,"children": [
															{
																 "name": "tail.005"
																,"transformation": [
																	 0.983486
																	,-0.178531
																	,-0.0296799
																	,29.5043
																	,0.178022
																	,0.983843
																	,-0.0190077
																	,-3.09944e-006
																	,0.0325938
																	,0.0134102
																	,0.999379
																	,-1.66893e-006
																	,0
																	,0
																	,0
																	,1
																]
																,"children": [
																	{
																		 "name": "tail.006"
																		,"transformation": [
																			 0.208823
																			,0.977954
																			,3.67855e-007
																			,31.2295
																			,-0.977954
																			,0.208823
																			,2.63279e-007
																			,1.16825e-005
																			,1.80659e-007
																			,-4.14723e-007
																			,1
																			,2.14577e-006
																			,0
																			,0
																			,0
																			,1
																		]
																	}
																]
															}
														]
													}
												]
											}
										]
									}
								]
							}
						]
					}
				]
			}
			,{
				 "name": "Lemur"
				,"transformation": [
					 1
					,0
					,0
					,0
					,0
					,-1.62921e-007
					,1
					,0
					,0
					,-1
					,-1.62921e-007
					,0
					,0
					,0
					,0
					,1
				]
				,"meshes": [
					 0
				]
			}
		]
	}
	,"flags": 8
	,"meshes": [
		{
			 "name": "LemurMeshData"
			,"materialindex": 0
			,"primitivetypes": 4
			,"vertices": [
				 7.21665
				,27.9231
				,67.1947
				,4.81866
				,18.9001
				,71.1046
				,4.92814
				,16.8082
				,59.1927
				,7.21315
				,24.6628
				,54.7024
				,0
				,15.8837
				,57.5927
				,4.92814
				,16.8082
				,59.1927
				,4.10654
				,11.7711
				,63.1646
				,0
				,11.3716
				,61.5343
				,0
				,23.1122
				,52.1142
				,7.21315
				,24.6628
				,54.7024
				,3.98923
				,12.6734
				,71.6294
				,4.10654
				,11.7711
				,63.1646
				,9.12409
				,39.1377
				,61.9621
				,8.98729
				,34.5156
				,51.1241
				,10.975
				,45.5545
				,47.115
				,10.978
				,50.0373
				,56.8765
				,0
				,40.8052
				,65.8721
				,0
				,53.4509
				,61.3765
				,11.0369
				,63.0147
				,50.6182
				,11.0318
				,57.7787
				,41.5522
				,11.0865
				,69.5311
				,36.204
				,11.0862
				,73.8814
				,45.3777
				,0
				,66.1411
				,56.0315
				,0
				,77.7874
				,51.126
				,11.8868
				,89.794
				,39.8733
				,11.8147
				,85.1368
				,29.2428
				,12.5267
				,100.393
				,22.4377
				,12.5788
				,103.55
				,35.115
				,0
				,92.4082
				,45.8406
				,0
				,107.455
				,40.4012
				,12.2412
				,115.611
				,30.2316
				,12.2382
				,110.805
				,17.3244
				,11.9316
				,119.172
				,13.1702
				,11.9316
				,126.667
				,25.7551
				,0
				,117.897
				,36.3709
				,0
				,130.542
				,31.4901
				,0
				,149.95
				,7.96342
				,4.15906
				,147.773
				,9.01488
				,4.15906
				,145.685
				,4.87212
				,0
				,145.641
				,-0.580544
				,7.1984
				,145.851
				,12.3006
				,7.40888
				,142.484
				,5.06344
				,4.15906
				,145.685
				,4.87212
				,0
				,147.306
				,15.4285
				,0
				,138.466
				,24.2997
				,11.3773
				,135.974
				,19.5133
				,11.0413
				,141.615
				,15.7298
				,0
				,143.925
				,19.3458
				,11.3947
				,130.56
				,9.11232
				,11.0413
				,138.055
				,6.44139
				,11.3947
				,130.56
				,9.11232
				,0
				,126.893
				,2.06765
				,0
				,134.413
				,-0.826439
				,11.0413
				,138.055
				,6.44139
				,7.40888
				,142.484
				,5.06344
				,0
				,139.018
				,-2.38589
				,0
				,145.641
				,-0.580544
				,4.15906
				,145.685
				,4.87212
				,12.2382
				,110.805
				,17.3244
				,0
				,108.288
				,10.5633
				,0
				,117.389
				,5.72513
				,11.9316
				,119.172
				,13.1702
				,11.8147
				,85.1368
				,29.2428
				,0
				,82.7142
				,23.7131
				,0
				,98.5953
				,15.7158
				,12.5267
				,100.393
				,22.4377
				,11.0318
				,57.7787
				,41.5522
				,0
				,55.2268
				,37.1336
				,0
				,66.0868
				,32.0862
				,11.0865
				,69.5311
				,36.204
				,0
				,19.8038
				,72.849
				,0
				,13.3895
				,72.5612
				,0
				,28.5146
				,70.2414
				,8.98729
				,34.5156
				,51.1241
				,0
				,32.9714
				,47.5033
				,0
				,41.8823
				,43.3358
				,10.975
				,45.5545
				,47.115
				,22.5022
				,6.1238
				,106.208
				,25.9408
				,4.38299
				,101.627
				,23.485
				,4.61976
				,99.3434
				,18.2756
				,4.60491
				,103.008
				,11.7402
				,-0.833729
				,108.231
				,11.6735
				,2.54546
				,107.922
				,12.422
				,3.30185
				,107.844
				,12.379
				,-0.0733061
				,107.905
				,10.1153
				,6.55983
				,86.7778
				,10.1426
				,2.09253
				,86.7492
				,12.45
				,4.28564
				,74.2156
				,11.5353
				,9.15372
				,74.208
				,37.9542
				,-6.3073
				,86.5255
				,40.0743
				,-8.46189
				,82.3147
				,39.0484
				,-8.11653
				,81.0232
				,36.287
				,-5.79104
				,84.6778
				,14.826
				,5.15092
				,120.201
				,18.5932
				,3.36368
				,114.336
				,13.2568
				,10.1215
				,115.794
				,18.5768
				,-5.54858
				,105.538
				,20.4997
				,-4.20548
				,101.598
				,23.0369
				,-4.4819
				,103.989
				,22.3346
				,-5.0302
				,108.64
				,16.5774
				,-0.877112
				,102.853
				,20.3371
				,0.377046
				,98.925
				,40.0743
				,-8.46189
				,82.3147
				,44.6703
				,-9.97676
				,76.6428
				,43.2647
				,-9.56643
				,74.5832
				,39.0484
				,-8.11653
				,81.0232
				,37.7008
				,-9.52578
				,88.8937
				,39.7211
				,-11.1558
				,84.3756
				,40.3493
				,-10.0842
				,82.8316
				,32.6517
				,-11.3214
				,86.5768
				,36.1962
				,-12.6623
				,82.9791
				,37.8992
				,-13.3028
				,85.0423
				,34.7952
				,-12.0931
				,89.1879
				,33.4706
				,-8.25158
				,84.5759
				,37.804
				,-10.5245
				,81.8824
				,37.462
				,-11.9973
				,81.9395
				,48.2519
				,-13.7583
				,69.6991
				,46.9764
				,-13.3898
				,68.1262
				,40.3493
				,-10.0842
				,82.8316
				,44.3864
				,-12.0279
				,78.7625
				,36.1962
				,-12.6623
				,82.9791
				,37.1345
				,-16.463
				,77.2265
				,40.8092
				,-18.2891
				,81.3052
				,37.8992
				,-13.3028
				,85.0423
				,37.462
				,-11.9973
				,81.9395
				,38.9236
				,-15.0135
				,76.9546
				,37.1345
				,-16.463
				,77.2265
				,36.1962
				,-12.6623
				,82.9791
				,47.8397
				,-15.0196
				,65.3156
				,46.3847
				,-13.7931
				,64.4432
				,48.3377
				,-16.2866
				,71.3179
				,38.5936
				,-21.9136
				,70.553
				,37.5261
				,-21.5371
				,72.5005
				,36.6872
				,-18.9593
				,75.5808
				,41.9143
				,-20.3634
				,70.3725
				,45.129
				,-16.419
				,63.0254
				,46.3847
				,-13.7931
				,64.4432
				,47.3797
				,-17.7156
				,64.5262
				,38.5936
				,-21.9136
				,70.553
				,39.5149
				,-23.9461
				,66.5214
				,41.9662
				,-24.4709
				,67.5413
				,43.0283
				,-24.1805
				,72.483
				,41.4477
				,-22.3487
				,64.0231
				,39.5149
				,-23.9461
				,66.5214
				,36.6872
				,-18.9593
				,75.5808
				,37.5261
				,-21.5371
				,72.5005
				,40.5892
				,-23.6318
				,74.9186
				,39.8932
				,-21.2096
				,78.8922
				,37.5261
				,-21.5371
				,72.5005
				,22.1483
				,-1.03858
				,96.4879
				,25.9162
				,-2.89399
				,92.0282
				,25.0258
				,-7.96135
				,94.726
				,21.8266
				,-5.87307
				,99.1299
				,27.1574
				,-8.67144
				,97.253
				,24.1719
				,-6.36879
				,101.578
				,27.0056
				,-1.92452
				,101.406
				,30.406
				,-4.12334
				,97.0715
				,31.8826
				,0.908682
				,94.8847
				,27.9145
				,2.86997
				,99.2866
				,29.6827
				,1.38957
				,92.5465
				,25.5749
				,3.23144
				,96.9877
				,41.4477
				,-22.3487
				,64.0231
				,43.4246
				,-19.6105
				,61.9407
				,46.5472
				,-20.6871
				,64.1319
				,44.4336
				,-22.9697
				,65.8302
				,23.8616
				,1.09643
				,96.7378
				,27.799
				,-0.752115
				,92.2878
				,42.0299
				,-11.2858
				,75.4588
				,46.075
				,-15.5413
				,68.9453
				,44.4661
				,-17.7164
				,69.5671
				,40.5256
				,-13.1225
				,76.2791
				,42.5041
				,-16.3059
				,81.2862
				,45.9007
				,-21.7547
				,73.2269
				,47.6372
				,-18.7886
				,73.2275
				,43.8725
				,-14.3011
				,80.4623
				,38.8629
				,-9.58086
				,80.8751
				,37.804
				,-10.5245
				,81.8824
				,39.2683
				,-12.607
				,84.3325
				,39.7211
				,-11.1558
				,84.3756
				,34.8935
				,-7.02494
				,84.6128
				,38.8629
				,-9.58086
				,80.8751
				,39.2683
				,-12.607
				,84.3325
				,17.3995
				,1.86947
				,102.96
				,21.9106
				,2.49849
				,99.1347
				,16.0895
				,-2.78181
				,119.189
				,18.611
				,-3.65821
				,114.266
				,11.5401
				,-5.89041
				,114.037
				,14.2537
				,-4.75341
				,112.228
				,13.5957
				,11.6459
				,137.92
				,16.9673
				,6.52062
				,139.347
				,17.6303
				,6.98959
				,134.702
				,14.7199
				,11.2461
				,133.204
				,1.15368
				,-15.9249
				,132.086
				,2.9338
				,-15.9519
				,133.053
				,2.32511
				,-18.8325
				,132.913
				,0.781326
				,-18.9361
				,132.364
				,5.03056
				,-3.37458
				,121.886
				,0
				,-5.8264
				,120.94
				,0
				,-9.79364
				,119.014
				,4.15409
				,-8.16896
				,118.892
				,0
				,14.1214
				,52.9542
				,1.74789
				,14.2693
				,53.0709
				,1.27501
				,6.93893
				,48.8812
				,0
				,6.74628
				,48.8669
				,0
				,-0.837211
				,49.7968
				,0
				,6.74628
				,48.8669
				,1.27501
				,6.93893
				,48.8812
				,2.00449
				,-0.346465
				,49.8527
				,16.3377
				,0.958892
				,49.0266
				,16.5688
				,-8.56598
				,49.7356
				,15.4496
				,-8.69263
				,36.5676
				,15.9285
				,0.614758
				,38.1213
				,2.81338
				,7.84263
				,44.1703
				,3.66027
				,5.9582
				,39.3989
				,4.87112
				,-3.13554
				,37.3659
				,4.62695
				,-4.56761
				,45.4224
				,9.18826
				,8.89292
				,21.4561
				,12.8255
				,6.66304
				,20.7901
				,12.1242
				,6.57778
				,15.1475
				,8.85064
				,8.79785
				,15.8255
				,9.08251
				,-11.3206
				,50.2629
				,8.68181
				,-11.2261
				,36.079
				,0
				,9.71599
				,98.1676
				,5.76624
				,9.44982
				,97.8618
				,5.82861
				,9.99162
				,87.1308
				,0
				,9.83188
				,87.4103
				,14.4959
				,-6.23639
				,67.3026
				,10.6515
				,-8.70794
				,65.5546
				,10.5929
				,-10.251
				,60.3685
				,15.0853
				,-7.72503
				,62.6032
				,12.8074
				,6.46951
				,4.63535
				,8.73839
				,10.3141
				,5.94333
				,8.79188
				,-1.60372
				,19.2705
				,5.7946
				,1.52447
				,20.5785
				,6.5659
				,2.96457
				,14.6397
				,9.22568
				,0.171248
				,13.4393
				,4.88004
				,6.64076
				,21.6122
				,5.41347
				,6.99911
				,15.9411
				,12.499
				,3.38003
				,19.9539
				,12.1726
				,0.0970154
				,19.1178
				,12.4084
				,1.85756
				,13.8236
				,12.2663
				,4.21767
				,14.4856
				,13.0174
				,4.60168
				,0.199921
				,9.00119
				,9.13524
				,-0.0879517
				,6.40069
				,4.81968
				,4.54488
				,9.26116
				,2.9536
				,3.74258
				,4.15141
				,8.80867
				,5.34586
				,13.0765
				,3.95061
				,3.84909
				,11.6842
				,-4.62065
				,-0.131561
				,17.2029
				,-5.7112
				,-0.0787354
				,18.7699
				,-10.6925
				,-0.0787659
				,16.1653
				,-10.9615
				,-0.106873
				,9.26116
				,2.9536
				,3.74258
				,6.40069
				,4.81968
				,4.54488
				,6.83087
				,-0.162133
				,5.34064
				,9.97904
				,0.638615
				,4.92191
				,4.51453
				,7.20451
				,-0.181931
				,13.0765
				,3.95061
				,3.84909
				,13.925
				,1.34876
				,3.86259
				,13.0174
				,4.60168
				,0.199921
				,9.7347
				,-12.0116
				,7.44343
				,6.48894
				,-11.2976
				,6.03352
				,7.25368
				,-17.0343
				,4.16684
				,10.7711
				,-18.474
				,5.09494
				,10.937
				,-4.76035
				,8.28658
				,6.71832
				,-4.29225
				,6.13399
				,6.20355
				,-4.30662
				,-0.186996
				,6.15833
				,-12.3611
				,-0.191193
				,17.2029
				,-5.7112
				,-0.0787354
				,16.5597
				,-5.7595
				,5.57359
				,18.4639
				,-11.3183
				,5.48134
				,18.7699
				,-10.6925
				,-0.0787659
				,15.311
				,0.590295
				,32.1366
				,14.6531
				,-7.66704
				,31.4554
				,14.638
				,-3.77594
				,26.0993
				,14.4281
				,2.30323
				,27.1719
				,4.56457
				,-2.27961
				,31.5942
				,3.63279
				,5.5791
				,33.5701
				,3.28182
				,5.71989
				,30.2293
				,4.44081
				,-0.610162
				,27.5369
				,8.42212
				,-9.98897
				,30.9104
				,8.20716
				,-5.4035
				,25.5222
				,8.58276
				,10.343
				,33.6127
				,15.3479
				,7.19633
				,32.9368
				,14.0668
				,7.0284
				,28.3652
				,8.58778
				,9.74659
				,30.6307
				,16.2558
				,14.5289
				,148.962
				,20.5301
				,10.1869
				,148.13
				,17.3619
				,6.74244
				,146.438
				,13.9432
				,12.8728
				,145.926
				,9.58433
				,0.640299
				,161.997
				,7.14406
				,0.833811
				,158.878
				,10.0502
				,-3.06144
				,158.415
				,12.5879
				,-3.20017
				,159.802
				,18.3714
				,0.224251
				,165.995
				,15.6045
				,0.167447
				,161.483
				,16.1206
				,1.61273
				,161.346
				,18.4288
				,1.64153
				,165.606
				,22.2564
				,3.49582
				,173.208
				,21.9184
				,3.16942
				,173.277
				,22.2432
				,2.99163
				,173.232
				,22.6735
				,3.21825
				,173.131
				,18.6265
				,4.29739
				,167.837
				,17.2379
				,0.0900091
				,167.537
				,7.8043
				,7.55153
				,160.86
				,12.8164
				,0.0530704
				,162.893
				,13.5774
				,5.68971
				,164.529
				,18.9995
				,6.98338
				,151.607
				,23.1943
				,6.69156
				,155.631
				,21.9207
				,6.31558
				,157.246
				,18.8446
				,6.29413
				,153.312
				,13.7608
				,-0.227307
				,162.193
				,17.6839
				,-0.33836
				,167.068
				,23.9761
				,9.01575
				,163.784
				,26.0649
				,5.76446
				,161.4
				,23.7847
				,8.34086
				,154.876
				,20.3556
				,14.475
				,157.499
				,8.06231
				,-7.34793
				,155.404
				,12.6961
				,-4.35999
				,153.714
				,6.00603
				,-4.66858
				,157.742
				,3.78685
				,7.65248
				,158.741
				,0
				,7.50897
				,159.004
				,0
				,0.444864
				,160.189
				,3.06487
				,0.640975
				,159.791
				,2.50624
				,-17.5622
				,143.439
				,4.00601e-014
				,-18.0583
				,144.442
				,4.70912e-014
				,-21.2299
				,144.083
				,1.73305
				,-20.5589
				,143.05
				,14.1967
				,1.4584
				,138.493
				,11.4239
				,-0.83066
				,138.799
				,11.9376
				,2.26358
				,135.842
				,15.6445
				,3.74693
				,134.314
				,3.6437
				,-8.45935
				,156.504
				,1.62399e-014
				,-9.04214
				,156.755
				,2.10791e-014
				,-10.7278
				,153.317
				,2.76012
				,-10.1769
				,153.364
				,2.16649
				,-22.9418
				,141.002
				,0
				,-24.37
				,141.6
				,0
				,-23.0192
				,138.167
				,1.48286
				,-20.4038
				,134.519
				,3.16105
				,-20.14
				,134.535
				,4.62225
				,-10.0379
				,116.405
				,7.72903
				,-8.15117
				,115.585
				,11.5764
				,0.210507
				,121.514
				,17.3619
				,6.74244
				,146.438
				,15.0804
				,3.19886
				,145.087
				,13.7792
				,1.83827
				,142.936
				,18.342
				,6.08888
				,143.573
				,0
				,12.6331
				,132.909
				,8.77025
				,11.6972
				,132.882
				,8.44765
				,9.1171
				,129.126
				,0
				,9.41271
				,127.929
				,3.5264
				,-4.93323
				,158.694
				,7.25368e-015
				,-5.32998
				,159.406
				,15.381
				,2.62721
				,151.836
				,13.0777
				,-0.575129
				,154.396
				,14.1558
				,-0.98708
				,157.933
				,12.7823
				,-1.43699
				,156.255
				,13.9318
				,0.737009
				,155.631
				,15.0712
				,1.21362
				,157.316
				,9.86898
				,14.1646
				,159.129
				,14.8477
				,12.6468
				,163.903
				,19.9651
				,8.74762
				,168.301
				,22.6249
				,3.82449
				,173.138
				,23.3494
				,4.09077
				,172.865
				,23.1425
				,3.44798
				,173.029
				,23.8915
				,3.84853
				,172.795
				,21.4119
				,2.13452
				,170.874
				,20.9442
				,2.46494
				,169.255
				,24.6036
				,4.41296
				,162.263
				,23.2399
				,4.84108
				,162.847
				,21.8433
				,2.44301
				,170.77
				,21.4456
				,2.87157
				,169.074
				,1.77961
				,-22.9821
				,138.327
				,4.94499
				,-22.2557
				,138.585
				,3.61897
				,-20.8821
				,141.54
				,6.64013
				,-20.6811
				,139.016
				,3.6486
				,-20.3514
				,142.14
				,2.39903
				,-11.4634
				,150.685
				,3.47109
				,-10.8592
				,151.185
				,1.5035
				,-12.0805
				,131.61
				,3.80373
				,-11.8306
				,132.704
				,7.82116
				,-10.261
				,138.698
				,8.37561
				,-12.7229
				,140.31
				,7.91581
				,-14.2661
				,139.652
				,7.26898
				,-10.4862
				,145.644
				,7.14667
				,-10.0812
				,149.116
				,4.48383
				,-10.9996
				,148.105
				,3.89486
				,-10.7054
				,145.912
				,3.51159
				,-11.1864
				,145.995
				,2.73101
				,-11.5268
				,145.849
				,4.43441
				,-11.571
				,143.083
				,4.736
				,-11.2834
				,143.195
				,12.4097
				,-5.04809
				,137.271
				,6.15121
				,-8.53187
				,134.923
				,5.51634
				,-6.69009
				,133.917
				,12.0689
				,-3.2127
				,135.405
				,4.00681
				,-15.3835
				,138.232
				,3.63807
				,-18.6838
				,137.523
				,4.40431e-014
				,-18.8702
				,137.917
				,3.65157e-014
				,-15.5384
				,138.71
				,2.42605e-014
				,-11.7446
				,150.469
				,2.64125e-014
				,-12.1704
				,146.861
				,5.65704
				,-16.9236
				,141.226
				,7.54309
				,-16.4195
				,139.653
				,2.17913
				,-21.4248
				,136.2
				,1.88966
				,-18.4265
				,136.793
				,-3.35469e-008
				,-18.3836
				,136.678
				,-1.863e-008
				,-21.4708
				,136.201
				,4.77123
				,-16.4286
				,134.414
				,2.2215
				,-22.4522
				,135.925
				,0
				,-22.6017
				,135.929
				,9.97273
				,1.92844
				,97.502
				,9.98307
				,-2.16783
				,97.5221
				,10.17
				,-2.37476
				,86.7206
				,10.1426
				,2.09253
				,86.7492
				,7.03838
				,-9.28444
				,74.1782
				,0
				,-10.1786
				,74.3938
				,0
				,-10.4358
				,65.6339
				,7.56072
				,-7.72571
				,65.5388
				,15.0853
				,-7.72503
				,62.6032
				,10.5929
				,-10.251
				,60.3685
				,0
				,13.6511
				,74.1301
				,5.66538
				,13.0834
				,74.1684
				,5.55965
				,15.0861
				,65.7723
				,0
				,16.0954
				,65.6308
				,4.19629
				,-11.763
				,98.3249
				,0
				,-13.4105
				,98.0819
				,0
				,-9.84455
				,86.4696
				,5.06891
				,-8.94482
				,86.5162
				,3.28182
				,5.71989
				,30.2293
				,4.88004
				,6.64076
				,21.6122
				,3.63279
				,5.5791
				,33.5701
				,12.9805
				,-12.7256
				,8.85333
				,15.7222
				,-12.022
				,7.16734
				,14.2885
				,-19.3318
				,6.02304
				,16.9932
				,-17.9098
				,4.91319
				,13.5606
				,-11.2304
				,-0.134979
				,9.85945
				,-11.7958
				,-0.163086
				,9.26116
				,2.9536
				,3.74258
				,13.0765
				,3.95061
				,3.84909
				,4.15141
				,8.80867
				,5.34586
				,4.51453
				,7.20451
				,-0.181931
				,5.41347
				,6.99911
				,15.9411
				,1.27501
				,6.93893
				,48.8812
				,2.20997
				,7.08844
				,46.598
				,3.44923
				,-3.15841
				,47.7709
				,2.00449
				,-0.346465
				,49.8527
				,7.45574
				,-10.2832
				,98.5798
				,8.4583
				,-7.43023
				,86.6206
				,8.36024
				,11.5278
				,38.9944
				,3.66027
				,5.9582
				,39.3989
				,2.81338
				,7.84263
				,44.1703
				,7.3271
				,12.5942
				,46.5575
				,2.20997
				,7.08844
				,46.598
				,6.89602
				,14.4047
				,53.6023
				,9.96238
				,6.02471
				,97.4818
				,15.9392
				,8.01293
				,38.5381
				,16.1065
				,11.0655
				,48.3176
				,14.5703
				,11.6497
				,57.8351
				,12.4487
				,10.8223
				,66.1224
				,1.27501
				,6.93893
				,48.8812
				,1.74789
				,14.2693
				,53.0709
				,5.82777
				,-5.35147
				,55.0325
				,2.00449
				,-0.346465
				,49.8527
				,15.6111
				,4.60271
				,60.4095
				,6.89602
				,14.4047
				,53.6023
				,14.5703
				,11.6497
				,57.8351
				,13.7772
				,-4.25922
				,74.3749
				,10.6296
				,-6.95729
				,74.2038
				,12.45
				,4.28564
				,74.2156
				,13.8176
				,4.89614
				,66.5522
				,15.6111
				,4.60271
				,60.4095
				,7.26633
				,9.85583
				,106.823
				,11.4221
				,5.42264
				,104.29
				,11.4251
				,-3.39656
				,105.206
				,9.93117
				,-10.4975
				,103.717
				,6.453
				,-14.6911
				,102.668
				,0
				,-17.7531
				,102.365
				,11.4236
				,1.01304
				,104.748
				,0
				,10.1855
				,108.772
				,5.82777
				,-5.35147
				,55.0325
				,0
				,-6.14441
				,54.7259
				,11.6735
				,2.54546
				,107.922
				,11.7402
				,-0.833729
				,108.231
				,4.34923
				,-12.7034
				,111.266
				,0
				,-15.9619
				,110.438
				,6.92593
				,2.2789
				,126.169
				,5.44627
				,0.488229
				,125.929
				,8.15731
				,0.0529562
				,122.573
				,9.46702
				,8.94563
				,125.715
				,7.24222
				,4.93797
				,126.098
				,8.60274
				,6.14185
				,122.742
				,6.02456
				,6.98728
				,122.057
				,2.51795
				,-1.83355
				,125.781
				,0
				,-3.65172
				,124.472
				,1.84365
				,-3.72631
				,131.527
				,4.05181
				,-1.96377
				,132.619
				,1.81293
				,-7.14459
				,132.215
				,0
				,15.1927
				,147.05
				,9.12996
				,13.6321
				,145.985
				,9.61289
				,13.8778
				,142.562
				,0
				,15.4872
				,143.257
				,7.00912
				,-8.53683
				,152.846
				,4.21364
				,-17.2904
				,142.437
				,7.05994
				,11.3687
				,154.095
				,0
				,13.748
				,138.154
				,8.42251
				,12.7566
				,137.862
				,0
				,-4.73227
				,130.652
				,0
				,-7.29162
				,131.682
				,0
				,10.6802
				,125.705
				,0
				,11.8605
				,123.271
				,6.86155
				,-18.6223
				,136.809
				,4.24939
				,-22.1803
				,135.82
				,3.38366
				,-21.1063
				,136.24
				,5.35652
				,-18.4211
				,137.07
				,6.44096
				,-15.0904
				,137.224
				,8.03888
				,-10.3351
				,138.652
				,4.32826
				,-6.63401
				,136.506
				,2.72017
				,-14.7498
				,136.959
				,10.977
				,-7.763
				,140.532
				,10.1863
				,-9.40218
				,141.692
				,0
				,-12.0926
				,131.477
				,0
				,-15.9876
				,131.962
				,0
				,-23.0268
				,137.143
				,0
				,-12.5077
				,116.246
				,0
				,-20.4768
				,134.462
				,0
				,-18.9899
				,132.116
				,10.6144
				,10.0653
				,116.187
				,0
				,13.4893
				,117.501
				,1.8329
				,-23.3516
				,142.727
				,7.33608
				,0.763248
				,133.31
				,8.24951
				,-9.30476
				,111.209
				,11.6069
				,5.92464
				,107.613
				,8.60274
				,6.14185
				,122.742
				,11.0695
				,5.96934
				,122.134
				,8.60274
				,6.14185
				,122.742
				,11.0695
				,5.96934
				,122.134
				,45.129
				,-16.419
				,63.0254
				,43.4246
				,-19.6105
				,61.9407
				,6.86155
				,-18.6223
				,136.809
				,4.24939
				,-22.1803
				,135.82
				,6.98917
				,-12.5532
				,141.63
				,8.02642
				,-12.1576
				,141.391
				,2.2215
				,-22.4522
				,135.925
				,0
				,-22.6017
				,135.929
				,7.43826
				,-15.0587
				,137.137
				,16.9673
				,6.52062
				,139.347
				,17.6303
				,6.98959
				,134.702
				,6.67065
				,6.7724
				,157.611
				,7.14406
				,0.833811
				,158.878
				,7.14406
				,0.833811
				,158.878
				,3.06487
				,0.640975
				,159.791
				,11.5764
				,0.210507
				,121.514
				,4.49201
				,11.7046
				,153.494
				,7.05994
				,11.3687
				,154.095
				,13.9432
				,12.8728
				,145.926
				,23.6201
				,0.649287
				,108.521
				,25.5096
				,-0.153608
				,103.772
				,6.67065
				,6.7724
				,157.611
				,9.19968
				,4.63869
				,133.131
				,14.162
				,11.8662
				,143.591
				,12.0762
				,-6.04993
				,149.811
				,12.2102
				,-5.19659
				,143.106
				,10.0502
				,-3.06144
				,158.415
				,17.6303
				,6.98959
				,134.702
				,15.6445
				,3.74693
				,134.314
				,9.19968
				,4.63869
				,133.131
				,7.24222
				,4.93797
				,126.098
				,0
				,-24.218
				,143.228
				,0
				,11.5544
				,153.547
				,9.65775
				,-8.57612
				,142.804
				,7.20779
				,-10.2412
				,142.793
				,7.54212
				,-11.2278
				,142.154
				,11.5401
				,-5.89041
				,114.037
				,8.01971
				,8.46191
				,127.563
				,8.48611
				,4.93091
				,129.316
				,8.48611
				,4.93091
				,129.316
				,7.42523
				,2.66546
				,130.49
				,2.17786
				,-1.34003
				,129.65
				,0
				,-3.30751
				,128.851
				,4.96746
				,1.1193
				,130.589
				,0
				,9.98124
				,127.271
				,12.465
				,6.67701
				,107.783
				,11.6069
				,5.92464
				,107.613
				,10.6144
				,10.0653
				,116.187
				,11.7402
				,-0.833729
				,108.231
				,11.0695
				,5.96934
				,122.134
				,11.0695
				,5.96934
				,122.134
				,17.3619
				,6.74244
				,146.438
				,18.342
				,6.08888
				,143.573
				,4.81585
				,-10.4803
				,143.356
				,7.43826
				,-15.0587
				,137.137
				,11.9255
				,-6.15284
				,139.585
				,8.03888
				,-10.3351
				,138.652
				,3.36405
				,-14.1404
				,144.264
				,4.85293
				,-14.404
				,142.739
				,3.22742e-014
				,-14.6707
				,145.638
				,9.00119
				,9.13524
				,-0.0879517
				,13.0174
				,4.60168
				,0.199921
				,4.51453
				,7.20451
				,-0.181931
				,4.51453
				,7.20451
				,-0.181931
				,6.20355
				,-4.30662
				,-0.186996
				,11.7828
				,-3.42165
				,141.089
				,17.4467
				,5.77676
				,149.07
				,17.1905
				,5.53304
				,151.292
				,22.2432
				,2.99163
				,173.232
				,23.5818
				,3.37937
				,169.528
				,23.2331
				,3.9567
				,167.716
				,23.8915
				,3.84853
				,172.795
				,22.2967
				,2.75808
				,170.666
				,21.952
				,3.29303
				,168.894
				,19.6785
				,2.50077
				,164.985
				,20.9541
				,3.41022
				,164.387
				,14.2959
				,0.147025
				,154.149
				,14.5877
				,1.7475
				,154.452
				,0
				,0.444864
				,160.189
				,15.7637
				,2.17075
				,152.58
				,14.2959
				,0.147025
				,154.149
				,22.6735
				,3.21825
				,173.131
				,22.2432
				,2.99163
				,173.232
				,16.866
				,3.79597
				,155.4
				,15.8562
				,2.36704
				,156.114
				,15.5695
				,3.0633
